0 0.200000 0.111959 0.372043 0.020744
1 0.253763 0.145210 0.449462 0.050031
2 0.401613 0.325503 0.192473 0.020744
3 0.672043 0.326571 0.234409 0.016168
5 0.426882 0.395821 0.810753 0.028371
5 0.407527 0.429530 0.802151 0.021965
5 0.444086 0.452868 0.821505 0.027151
5 0.436559 0.482916 0.806452 0.023795
5 0.395699 0.509610 0.787097 0.029591
5 0.399462 0.537370 0.779570 0.021660
5 0.420968 0.565131 0.768817 0.027151
5 0.409677 0.590146 0.806452 0.027151
5 0.422581 0.624466 0.802151 0.030506
6 0.415054 0.863636 0.763441 0.025015
4 0.336559 0.906040 0.230108 0.020744
