0 0.220193 0.109774 0.354458 0.023459
1 0.250806 0.145113 0.460795 0.058045
3 0.679914 0.325414 0.238453 0.015639
5 0.408700 0.396541 0.772288 0.024361
5 0.411923 0.420301 0.800215 0.029173
5 0.434479 0.449023 0.866810 0.035489
5 0.409774 0.477895 0.817401 0.024662
5 0.411923 0.501504 0.783029 0.035789
5 0.441461 0.531128 0.812030 0.032481
5 0.421590 0.556692 0.819549 0.023459
5 0.441461 0.578195 0.880773 0.033383
5 0.407089 0.605113 0.775510 0.028872
6 0.425349 0.864662 0.833512 0.017444
2 0.385607 0.322256 0.223416 0.015338
4 0.342642 0.906466 0.214823 0.014436
