0 0.480415 0.060976 0.366359 0.023139
1 0.354839 0.101939 0.617512 0.051282
4 0.574885 0.220763 0.255760 0.018762
2 0.223502 0.191995 0.354839 0.018762
5 0.383641 0.368043 0.675115 0.040650
5 0.370968 0.417448 0.658986 0.036898
5 0.370968 0.457786 0.677419 0.040025
5 0.355991 0.500938 0.670507 0.038774
5 0.354839 0.534084 0.705069 0.041276
5 0.358295 0.570044 0.684332 0.045654
5 0.365207 0.609443 0.711982 0.049406
5 0.369816 0.653533 0.707373 0.040025
5 0.380184 0.687305 0.746544 0.046279
6 0.350230 0.758599 0.695853 0.036273
3 0.503456 0.204190 0.306452 0.016886
