0 0.486175 0.061288 0.354839 0.027517
0 0.369816 0.084740 0.642857 0.021889
1 0.331797 0.102564 0.562212 0.027517
3 0.495392 0.208255 0.281106 0.015009
4 0.543779 0.219199 0.262673 0.016886
2 0.223502 0.192308 0.341014 0.019387
5 0.365207 0.366792 0.642857 0.043152
5 0.351382 0.419012 0.633641 0.043777
5 0.359447 0.456223 0.668203 0.041901
5 0.384793 0.496560 0.718894 0.035022
5 0.349078 0.532520 0.675115 0.049406
5 0.394009 0.570669 0.718894 0.045654
5 0.346774 0.609131 0.661290 0.043777
5 0.346774 0.650719 0.679724 0.041901
5 0.344470 0.686679 0.679724 0.046279
6 0.364055 0.754221 0.700461 0.033771
