0 0.519833 0.050396 0.363257 0.024080
1 0.321503 0.099845 0.467641 0.022532
5 0.379958 0.230478 0.542797 0.008944
5 0.382046 0.259116 0.565762 0.008084
5 0.379436 0.290334 0.548017 0.006880
5 0.370042 0.311318 0.537578 0.006880
5 0.373173 0.333677 0.550104 0.007912
5 0.374739 0.348039 0.569937 0.006708
5 0.371608 0.369281 0.540710 0.005848
5 0.368998 0.391039 0.535491 0.007396
6 0.262526 0.795580 0.299582 0.008428
3 0.400313 0.809426 0.138831 0.006192
4 0.549582 0.808566 0.132568 0.007568
2 0.319415 0.122463 0.459290 0.007568
