0 0.138837 0.487633 0.031270 0.395760
1 0.191057 0.473498 0.048155 0.727915
3 0.353659 0.692580 0.011882 0.318021
4 0.353659 0.425795 0.011882 0.243816
5 0.405566 0.491166 0.011882 0.777385
5 0.422452 0.492933 0.010632 0.696113
5 0.432145 0.505300 0.008755 0.734982
5 0.441526 0.480565 0.008755 0.749117
5 0.457473 0.494700 0.013133 0.699647
5 0.465291 0.498233 0.011257 0.692580
5 0.471545 0.496466 0.012508 0.717314
5 0.488118 0.501767 0.010632 0.749117
5 0.498124 0.500000 0.011882 0.766784
6 0.518449 0.528269 0.017511 0.780919
2 0.611632 0.501767 0.011257 0.791519
