0 0.291053 0.057726 0.226316 0.012700
1 0.469474 0.078122 0.585263 0.030787
3 0.775789 0.116702 0.240000 0.010583
5 0.464737 0.187801 0.925263 0.021166
5 0.466316 0.208101 0.913684 0.019819
5 0.464737 0.225996 0.916842 0.022128
5 0.471053 0.244853 0.912632 0.020589
5 0.474737 0.265057 0.888421 0.021743
5 0.471053 0.284299 0.933684 0.021358
5 0.462632 0.303156 0.900000 0.022898
5 0.474737 0.322590 0.911579 0.021358
5 0.481053 0.341447 0.930526 0.022513
5 0.469474 0.359727 0.930526 0.019434
5 0.477895 0.379450 0.905263 0.021551
5 0.486316 0.396575 0.909474 0.021551
5 0.489474 0.417549 0.913684 0.026554
5 0.474211 0.434770 0.925263 0.022128
5 0.482632 0.456706 0.927368 0.024822
5 0.469474 0.477391 0.917895 0.026169
5 0.462632 0.496248 0.895789 0.020396
5 0.484737 0.514720 0.931579 0.019627
5 0.475789 0.533866 0.943158 0.022513
6 0.506316 0.567828 0.871579 0.013469
2 0.496842 0.811045 0.303158 0.011160
