0 0.310454 0.059155 0.213305 0.012877
1 0.514256 0.078672 0.565998 0.028571
3 0.788279 0.118310 0.229145 0.009658
5 0.482049 0.192757 0.938754 0.022938
5 0.475713 0.211167 0.909187 0.020724
5 0.482577 0.233702 0.925026 0.023541
5 0.486800 0.252616 0.935586 0.023944
5 0.483633 0.274849 0.912355 0.024547
5 0.481521 0.292757 0.922914 0.019718
5 0.485744 0.315292 0.916579 0.019718
5 0.494192 0.333300 0.910243 0.022334
5 0.488384 0.355030 0.942978 0.021932
5 0.492608 0.373944 0.953537 0.020322
5 0.494720 0.392958 0.966209 0.022535
5 0.484688 0.413783 0.899683 0.023944
5 0.482577 0.435513 0.910243 0.021127
5 0.501056 0.454024 0.896515 0.020724
5 0.486272 0.474547 0.902851 0.020724
5 0.489968 0.492958 0.925026 0.021730
5 0.485744 0.512173 0.941922 0.023944
6 0.535903 0.549095 0.845829 0.012877
2 0.524287 0.802716 0.303062 0.013078
