0 0.306758 0.127903 0.224921 0.010361
1 0.506864 0.144784 0.557550 0.028760
3 0.780359 0.180422 0.221753 0.009289
5 0.483105 0.245088 0.913411 0.021793
5 0.469377 0.261969 0.928194 0.025188
5 0.479409 0.282512 0.897571 0.019829
5 0.462513 0.299125 0.891235 0.019829
5 0.469377 0.317703 0.921859 0.021258
5 0.484161 0.334048 0.959873 0.020007
5 0.483633 0.352269 0.897571 0.018221
5 0.494720 0.368257 0.890180 0.018757
5 0.463041 0.386656 0.913411 0.020543
5 0.471489 0.404519 0.921859 0.021615
5 0.486272 0.422562 0.917635 0.019829
5 0.480465 0.438014 0.908131 0.022865
5 0.481521 0.456860 0.878564 0.019471
5 0.478353 0.474366 0.918691 0.020543
5 0.479409 0.491426 0.948258 0.022151
5 0.469377 0.509468 0.936642 0.023223
5 0.472545 0.527778 0.911299 0.022329
5 0.484161 0.544391 0.909187 0.019829
6 0.519535 0.576635 0.861668 0.013934
2 0.503168 0.827528 0.298838 0.012326
