0 0.384494 0.114916 0.334388 0.021872
1 0.508439 0.140194 0.799578 0.032987
2 0.384494 0.241126 0.585443 0.031194
5 0.490506 0.381499 0.797468 0.015776
5 0.507911 0.397634 0.768987 0.018645
5 0.492089 0.412693 0.811181 0.022230
5 0.515823 0.458767 0.772152 0.022589
5 0.524262 0.473826 0.786920 0.022589
5 0.497363 0.534242 0.821730 0.027250
6 0.510549 0.572607 0.856540 0.027967
3 0.785338 0.297598 0.226793 0.024381
4 0.827532 0.318394 0.161392 0.022947
5 0.274789 0.488885 0.332278 0.016852
5 0.244198 0.440122 0.262658 0.015418
5 0.197257 0.503586 0.185654 0.019720
