0 0.093183 0.615440 0.088806 0.595960
1 0.158849 0.480519 0.078799 0.802309
2 0.287054 0.724387 0.038774 0.490620
3 0.280801 0.303752 0.027517 0.209235
4 0.373358 0.318182 0.032520 0.278499
5 0.416198 0.533911 0.038149 0.686869
5 0.439024 0.699856 0.027517 0.360750
5 0.453408 0.686147 0.027517 0.376623
5 0.470919 0.686869 0.025016 0.386724
5 0.485303 0.538961 0.035022 0.746032
5 0.485303 0.550505 0.025016 0.711400
5 0.501876 0.525974 0.034396 0.714286
5 0.522201 0.727994 0.025016 0.264069
5 0.530019 0.540404 0.049406 0.708514
6 0.562226 0.513709 0.041276 0.660895
